47012.34
47023.45
47045.67
47030.12
47018.90
47055.23
47062.78
47048.12
47033.56
47021.89
47009.43
47037.65
47059.01
47071.34
47068.90
47082.15
47094.67
47110.23
47125.45
47133.78
47128.34
47116.78
47103.45
47095.67
47082.34
47076.12
47088.45
47099.78
47112.34
47124.56
47135.67
47142.89
47150.23
47163.45
47170.12
47182.56
47195.34
47210.67
47225.89
47240.12
47235.78
47220.45
47208.23
47195.67
47183.45
47175.12
47168.34
47155.78
47142.56
47130.23
47118.45
47106.12
47095.56
47088.23
47076.45
47063.78
47050.34
47042.12
47030.56
47018.23
47005.78
46993.45
46981.12
46972.34
46960.78
46953.23
46945.67
46938.12
46930.56
46922.89
46915.34
46907.78
46900.23
46895.45
46888.12
46882.34
46875.78
46869.23
46862.67
46855.12
46848.56
46841.89
46835.34
46828.78
46822.23
46815.67
46809.12
46802.56
46796.89
46790.34
46783.78
46777.23
46770.67
46764.12
46757.56
46750.89
46744.34
46737.78
46731.23
46724.67
46718.12
46711.56
46704.89
46698.34
46691.78
46685.23
46678.67
46672.12
46665.56
46658.89
46652.34
46645.78
46639.23
46632.67
46626.12
46619.56
46612.89
46606.34
46599.78
46593.23
46586.67
46580.12
46573.56
46566.89
46560.34
46553.78
46547.23
46540.67
46534.12
46527.56
46520.89
46514.34
46507.78
46501.23
46494.67
46488.12
46481.56
46474.89
46468.34
46461.78
46455.23
46448.67
46442.12
46435.56
46428.89
46422.34
46415.78
46409.23
46402.67
46396.12
46389.56
46382.89
46376.34
46369.78
46363.23
46356.67
46350.12
46343.56
46336.89
46330.34
46323.78
46317.23
46310.67
46304.12
46297.56
46290.89
46284.34
46277.78
46271.23
46264.67
46258.12
46251.56
46244.89
46238.34
46231.78
46225.23
46218.67
46212.12
46205.56
46198.89
46192.34
46185.78
46179.23
46172.67
46166.12
46159.56
46152.89
46146.34
46139.78
46133.23
46126.67
46120.12
46113.56
46106.89
46100.34
46093.78
46087.23
46080.67
46074.12
46067.56
46060.89
46054.34
46047.78
46041.23
46034.67
46028.12
46021.56
46014.89
46008.34
46001.78
45995.23
45988.67
45982.12
45975.56
45968.89
45962.34
45955.78
45949.23
45942.67
45936.12
45929.56
45922.89
45916.34
45909.78
45903.23
45896.67
45890.12
45883.56
45876.89
45870.34
45863.78
45857.23
45850.67
45844.12
45837.56
45830.89
45824.34
45817.78
45811.23
45804.67
45798.12
45791.56
45784.89
45778.34
45771.78
45765.23
45758.67
45752.12
45745.56
45738.89
45732.34
45725.78
45719.23
45712.67
45706.12
45699.56
45692.89
45686.34
45679.78
45673.23
45666.67
45660.12
45653.56
45646.89
45640.34
45633.78
45627.23
45620.67
45614.12
45607.56
45600.89
45594.34
45587.78
45581.23
45574.67
45568.12
45561.56
45554.89
45548.34
45541.78
45535.23
45528.67
45522.12
45515.56
45508.89
45502.34
45495.78
45489.23
45482.67
45476.12
45469.56
45462.89
45456.34
45449.78
45443.23
45436.67
45430.12
45423.56
45416.89
45410.34
45403.78
45397.23
45390.67
45384.12
45377.56
45370.89
45364.34
45357.78
45351.23
45344.67
45338.12
45331.56
45324.89
45318.34
45311.78
45305.23
45298.67
45292.12
45285.56
45278.89
45272.34
45265.78
45259.23
45252.67
45246.12
45239.56
45232.89
45226.34
45219.78
45213.23
45206.67
45200.12
45193.56
45186.89
45180.34
45173.78
45167.23
45160.67
45154.12
45147.56
45140.89
45134.34
45127.78
45121.23
45114.67
45108.12
45101.56
45094.89
45088.34
45081.78
45075.23
45068.67
45062.12
45055.56
45048.89
45042.34
45035.78
45029.23
45022.67
45016.12
45009.56
45002.89
44996.34
44989.78
44983.23
44976.67
44970.12
44963.56
44956.89
44950.34
44943.78
44937.23
44930.67
44924.12
44917.56
44910.89
44904.34
44897.78
44891.23
44884.67
44878.12
44871.56
44864.89
44858.34
44851.78
44845.23
44838.67
44832.12
44825.56
44818.89
44812.34
44805.78
44799.23
44792.67
44786.12
44779.56
44772.89
44766.34
44759.78
44753.23
44746.67
44740.12
44733.56
44726.89
44720.34
44713.78
44707.23
44700.67
44694.12
44687.56
44680.89
44674.34
44667.78
44661.23
44654.67
44648.12
44641.56
44634.89
44628.34
44621.78
44615.23
44608.67
44602.12
44595.56
44588.89
44582.34
44575.78
44569.23
44562.67
44556.12
44549.56
44542.89
44536.34
44529.78
44523.23
44516.67
44510.12
44503.56
44496.89
44490.34
44483.78
44477.23
44470.67
44464.12
44457.56
44450.89
44444.34
44437.78
44431.23
44424.67
44418.12
44411.56
44404.89
44398.34
44391.78
44385.23
44378.67
44372.12
44365.56
44358.89
44352.34
44345.78
44339.23
44332.67
44326.12
44319.56
44312.89
44306.34
44299.78
44293.23
44286.67
44280.12
44273.56
44266.89
44260.34
44253.78
44247.23
44240.67
44234.12
44227.56
44220.89
44214.34
44207.78
44201.23
44194.67
44188.12
44181.56
44174.89
44168.34
44161.78
44155.23
44148.67
44142.12
44135.56
44128.89
44122.34
44115.78
44109.23
44102.67
44096.12
44089.56
44082.89
44076.34
44069.78
44063.23
44056.67
44050.12
44043.56
44036.89
44030.34
44023.78
44017.23
44010.67
44004.12
43997.56
43990.89
43984.34
43977.78
43971.23
43964.67
43958.12
43951.56
43944.89
43938.34
43931.78
43925.23
43918.67
43912.12
43905.56
43898.89
43892.34
43885.78
43879.23
43872.67
43866.12
43859.56
43852.89
43846.34
43839.78
43833.23
43826.67
43820.12
43813.56
43806.89
43800.34
43793.78
43787.23
43780.67
43774.12
43767.56
43760.89
43754.34
43747.78
43741.23
43734.67
43728.12
43721.56
43714.89
43708.34
43701.78
43695.23
43688.67
43682.12
43675.56
43668.89
43662.34
43655.78
43649.23
43642.67
43636.12
43629.56
43622.89
43616.34
43609.78
43603.23
43596.67
43590.12
43583.56
43576.89
43570.34
43563.78
43557.23
43550.67
43544.12
43537.56
43530.89
43524.34
43517.78
43511.23
43504.67
43498.12
43491.56
43484.89
43478.34
43471.78
43465.23
43458.67
43452.12
43445.56
43438.89
43432.34
43425.78
43419.23
43412.67
43406.12
43399.56
43392.89
43386.34
43379.78
43373.23
43366.67
43360.12
43353.56
43346.89
43340.34
43333.78
43327.23
43320.67
43314.12
43307.56
43300.89
43294.34
43287.78
43281.23
43274.67
43268.12
43261.56
43254.89
43248.34
43241.78
43235.23
43228.67
43222.12
43215.56
43208.89
43202.34
43195.78
43189.23
43182.67
43176.12
43169.56
43162.89
43156.34
43149.78
43143.23
43136.67
43130.12
43123.56
43116.89
43110.34
43103.78
43097.23
43090.67
43084.12
43077.56
43070.89
43064.34
43057.78
43051.23
43044.67
43038.12
43031.56
43024.89
43018.34
43011.78
43005.23
42998.67
42992.12
42985.56
42978.89
42972.34
42965.78
42959.23
42952.67
42946.12
42939.56
42932.89
42926.34
42919.78
42913.23
42906.67
42900.12
42893.56
42886.89
42880.34
42873.78
42867.23
42860.67
42854.12
42847.56
42840.89
42834.34
42827.78
42821.23
42814.67
42808.12
42801.56
42794.89
42788.34
42781.78
42775.23
42768.67
42762.12
42755.56
42748.89
42742.34
42735.78
42729.23
42722.67
42716.12
42709.56
42702.89
42696.34
42689.78
42683.23
42676.67
42670.12
42663.56
42656.89
42650.34
42643.78
42637.23
42630.67
42624.12
42617.56
42610.89
42604.34
42597.78
42591.23
42584.67
42578.12
42571.56
42564.89
42558.34
42551.78
42545.23
42538.67
42532.12
42525.56
42518.89
42512.34
42505.78
42499.23
42492.67
42486.12
42479.56
42472.89
42466.34
42459.78
42453.23
42446.67
42440.12
42433.56
42426.89
42420.34
42413.78
42407.23
42400.67
42394.12
42387.56
42380.89
42374.34
42367.78
42361.23
42354.67
42348.12
42341.56
42334.89
42328.34
42321.78
42315.23
42308.67
42302.12
42295.56
42288.89
42282.34
42275.78
42269.23
42262.67
42256.12
42249.56
42242.89
42236.34
42229.78
42223.23
42216.67
42210.12
42203.56
42196.89
42190.34
42183.78
42177.23
42170.67
42164.12
42157.56
42150.89
42144.34
42137.78
42131.23
42124.67
42118.12
42111.56
42104.89
42098.34
42091.78
42085.23
42078.67
42072.12
42065.56
42058.89
42052.34
42045.78
42039.23
42032.67
42026.12
42019.56
42012.89
42006.34
41999.78
41993.23
41986.67
41980.12
41973.56
41966.89
41960.34
41953.78
41947.23
41940.67
41934.12
41927.56
41920.89
41914.34
41907.78
41901.23
41894.67
41888.12
41881.56
41874.89
41868.34
41861.78
41855.23
41848.67
41842.12
41835.56
41828.89
41822.34
41815.78
41809.23
41802.67
41796.12
41789.56
41782.89
41776.34
41769.78
41763.23
41756.67
41750.12
41743.56
41736.89
41730.34
41723.78
41717.23
41710.67
41704.12
41697.56
41690.89
41684.34
41677.78
41671.23
41664.67
41658.12
41651.56
41644.89
41638.34
41631.78
41625.23
41618.67
41612.12
41605.56
41598.89
41592.34
41585.78
41579.23
41572.67
41566.12
41559.56
41552.89
41546.34
41539.78
41533.23
41526.67
41520.12
41513.56
41506.89
41500.34
41493.78
41487.23
41480.67
41474.12
41467.56
41460.89
41454.34
41447.78
41441.23
41434.67
41428.12
41421.56
41414.89
41408.34
41401.78
41395.23
41388.67
41382.12
41375.56
41368.89
41362.34
41355.78
41349.23
41342.67
41336.12
41329.56
41322.89
41316.34
41309.78
41303.23
41296.67
41290.12
41283.56
41276.89
41270.34
41263.78
41257.23
41250.67
41244.12
41237.56
41230.89
41224.34
41217.78
41211.23
41204.67
41198.12
41191.56
41184.89
41178.34
41171.78
41165.23
41158.67
41152.12
41145.56
41138.89
41132.34
41125.78
41119.23
41112.67
41106.12
41099.56
41092.89
41086.34
41079.78
41073.23
41066.67
41060.12
41053.56
41046.89
41040.34
41033.78
41027.23
41020.67
41014.12
41007.56
41000.89
40994.34
40987.78
40981.23
40974.67
40968.12
40961.56
40954.89
40948.34
40941.78
40935.23
40928.67
40922.12
40915.56
40908.89
40902.34
40895.78
40889.23
40882.67
40876.12
40869.56
40862.89
40856.34
40849.78
40843.23
40836.67
40830.12
40823.56
40816.89
40810.34
40803.78
40797.23
40790.67
40784.12
40777.56
40770.89
40764.34
40757.78
40751.23
40744.67
40738.12
40731.56
40724.89
40718.34
40711.78
40705.23
40698.67
40692.12
40685.56
40678.89
40672.34
40665.78
40659.23
40652.67
40646.12
40639.56
40632.89
40626.34
40619.78
40613.23
40606.67
40600.12
40593.56
40586.89
40580.34
40573.78
40567.23
40560.67
40554.12
40547.56
40540.89
40534.34
40527.78
40521.23
40514.67
40508.12
40501.56
40494.89
40488.34
40481.78
40475.23
40468.67
40462.12
40455.56
40448.89
40442.34
40435.78
40429.23
40422.67
40416.12
40409.56
40402.89
40396.34
40389.78
40383.23
40376.67
40370.12
40363.56
40356.89
40350.34
40343.78
40337.23
40330.67
40324.12
40317.56
40310.89
40304.34
40297.78
40291.23
40284.67
40278.12
40271.56
40264.89
40258.34
40251.78
40245.23
40238.67
40232.12
40225.56
40218.89
40212.34
40205.78
40199.23
40192.67
40186.12
40179.56
40172.89
40166.34
40159.78
40153.23
40146.67
40140.12
40133.56
40126.89
40120.34
40113.78
40107.23
40100.67
40094.12
40087.56
40080.89
40074.34
40067.78
40061.23
40054.67
40048.12
40041.56
40034.89
40028.34
40021.78
40015.23
40008.67
40002.12
39995.56
39988.89
39982.34
39975.78
39969.23
39962.67
39956.12
39949.56
39942.89
39936.34
39929.78
39923.23
39916.67
39910.12
39903.56
39896.89
39890.34
39883.78
39877.23
39870.67
39864.12
39857.56
39850.89
39844.34
39837.78
39831.23
39824.67
39818.12
39811.56
39804.89
39798.34
39791.78
39785.23
39778.67
39772.12
39765.56
39758.89
39752.34
39745.78
39739.23
39732.67
39726.12
39719.56
39712.89
39706.34
39699.78
39693.23
39686.67
39680.12
39673.56
39666.89
39660.34
39653.78
39647.23
39640.67
39634.12
39627.56
39620.89
39614.34
39607.78
39601.23
39594.67
39588.12
39581.56
39574.89
39568.34
39561.78
39555.23
39548.67
39542.12
39535.56
39528.89
39522.34
39515.78
39509.23
39502.67
39496.12
39489.56
39482.89
39476.34
39469.78
39463.23
39456.67
39450.12
39443.56
39436.89
39430.34
39423.78
39417.23
39410.67
39404.12
39397.56
39390.89
39384.34
39377.78
39371.23
39364.67
39358.12
39351.56
39344.89
39338.34
39331.78
39325.23
39318.67
39312.12
39305.56
39298.89
39292.34
39285.78
39279.23
39272.67
39266.12
39259.56
39252.89
39246.34
39239.78
39233.23
39226.67
39220.12
39213.56
39206.89
39200.34
39193.78
39187.23
39180.67
39174.12
39167.56
39160.89
39154.34
39147.78
39141.23
39134.67
39128.12
39121.56
39114.89
39108.34
39101.78
39095.23
39088.67
39082.12
39075.56
39068.89
39062.34
39055.78
39049.23
39042.67
39036.12
39029.56
39022.89
39016.34
39009.78
39003.23
38996.67
38990.12
38983.56
38976.89
38970.34
38963.78
38957.23
38950.67
38944.12
38937.56
38930.89
38924.34
38917.78
38911.23
38904.67
38898.12
38891.56
38884.89
38878.34
38871.78
38865.23
38858.67
38852.12
38845.56
38838.89
38832.34
38825.78
38819.23
38812.67
38806.12
38799.56
38792.89
38786.34
38779.78
38773.23
38766.67
38760.12
38753.56
38746.89
38740.34
38733.78
38727.23
38720.67
38714.12
38707.56
38700.89
38694.34
38687.78
38681.23
38674.67
38668.12
38661.56
38654.89
38648.34
38641.78
38635.23
38628.67
38622.12
38615.56
38608.89
38602.34
38595.78
38589.23
38582.67
38576.12
38569.56
38562.89
38556.34
38549.78
38543.23
38536.67
38530.12
38523.56
38516.89
38510.34
38503.78
38497.23
38490.67
38484.12
38477.56
38470.89
38464.34
38457.78
38451.23
38444.67
38438.12
38431.56
38424.89
38418.34
38411.78
38405.23
38398.67
38392.12
38385.56
38378.89
38372.34
38365.78
38359.23
38352.67
38346.12
38339.56
38332.89
38326.34
38319.78
38313.23
38306.67
38300.12
38293.56
38286.89
38280.34
38273.78
38267.23
38260.67
38254.12
38247.56
38240.89
38234.34
38227.78
38221.23
38214.67
38208.12
38201.56
38194.89
38188.34
38181.78
38175.23
38168.67
38162.12
38155.56
38148.89
38142.34
38135.78
38129.23
38122.67
38116.12
38109.56
38102.89
38096.34
38089.78
38083.23
38076.67
38070.12
38063.56
38056.89
38050.34
38043.78
38037.23
38030.67
38024.12
38017.56
38010.89
38004.34
37997.78
37991.23
37984.67
37978.12
37971.56
37964.89
37958.34
37951.78
37945.23
37938.67
37932.12
37925.56
37918.89
37912.34
37905.78
37899.23
37892.67
37886.12
37879.56
37872.89
37866.34
37859.78
37853.23
37846.67
37840.12
37833.56
37826.89
37820.34
37813.78
37807.23
37800.67
37794.12
37787.56
37780.89
37774.34
37767.78
37761.23
37754.67
37748.12
37741.56
37734.89
37728.34
37721.78
37715.23
37708.67
37702.12
37695.56
37688.89
37682.34
37675.78
37669.23
37662.67
37656.12
37649.56
37642.89
37636.34
37629.78
37623.23
37616.67
37610.12
37603.56
37596.89
37590.34
37583.78
37577.23
37570.67
37564.12
37557.56
37550.89
37544.34
37537.78
37531.23
37524.67
37518.12
37511.56
37504.89
37498.34
37491.78
37485.23
37478.67
37472.12
37465.56
37458.89
37452.34
37445.78
37439.23
37432.67
37426.12
37419.56
37412.89
37406.34
37399.78
37393.23
37386.67
37380.12
37373.56
37366.89
37360.34
37353.78
37347.23
37340.67
37334.12
37327.56
37320.89
37314.34
37307.78
37301.23
37294.67
37288.12
37281.56
37274.89
37268.34
37261.78
37255.23
37248.67
37242.12
37235.56
37228.89
37222.34
37215.78
37209.23
37202.67
37196.12
37189.56
37182.89
37176.34
37169.78
37163.23
37156.67
37150.12
37143.56
37136.89
37130.34
37123.78
37117.23
37110.67
37104.12
37097.56
37090.89
37084.34
37077.78
37071.23
37064.67
37058.12
37051.56
37044.89
37038.34
37031.78
37025.23
37018.67
37012.12
37005.56
36998.89
36992.34
36985.78
36979.23
36972.67
36966.12
36959.56
36952.89
36946.34
36939.78
36933.23
36926.67
36920.12
36913.56
36906.89
36900.34
36893.78
36887.23
36880.67
36874.12
36867.56
36860.89
36854.34
36847.78
36841.23
36834.67
36828.12
36821.56
36814.89
36808.34
36801.78
36795.23
36788.67
36782.12
36775.56
36768.89
36762.34
36755.78
36749.23
36742.67
36736.12
36729.56
36722.89
36716.34
36709.78
36703.23
36696.67
36690.12
36683.56
36676.89
36670.34
36663.78
36657.23
36650.67
36644.12
36637.56
36630.89
36624.34
36617.78
36611.23
36604.67
36598.12
36591.56
36584.89
36578.34
36571.78
36565.23
36558.67
36552.12
36545.56
36538.89
36532.34
36525.78
36519.23
36512.67
36506.12
36499.56
36492.89
36486.34
36479.78
36473.23
36466.67
36460.12
36453.56
36446.89
36440.34
36433.78
36427.23
36420.67
36414.12
36407.56
36400.89
36394.34
36387.78
36381.23
36374.67
36368.12
36361.56
36354.89
36348.34
36341.78
36335.23
36328.67
36322.12
36315.56
36308.89
36302.34
36295.78
36289.23
36282.67
36276.12
36269.56
36262.89
36256.34
36249.78
36243.23
36236.67
36230.12
36223.56
36216.89
36210.34
36203.78
36197.23
36190.67
36184.12
36177.56
36170.89
36164.34
36157.78
36151.23
36144.67
36138.12
36131.56
36124.89
36118.34
36111.78
36105.23
36098.67
36092.12
36085.56
36078.89
36072.34
36065.78
36059.23
36052.67
36046.12
36039.56
36032.89
36026.34
36019.78
36013.23
36006.67
36000.12
35993.56
35986.89
35980.34
35973.78
35967.23
35960.67
35954.12
35947.56
35940.89
35934.34
35927.78
35921.23
35914.67
35908.12
35901.56
35894.89
35888.34
35881.78
35875.23
35868.67
35862.12
35855.56
35848.89
35842.34
35835.78
35829.23
35822.67
35816.12
35809.56
35802.89
35796.34
35789.78
35783.23
35776.67
35770.12
35763.56
35756.89
35750.34
35743.78
35737.23
35730.67
35724.12
35717.56
35710.89
35704.34
35697.78
35691.23
35684.67
35678.12
35671.56
35664.89
35658.34
35651.78
35645.23
35638.67
35632.12
35625.56
35618.89
35612.34
35605.78
35599.23
35592.67
35586.12
35579.56
35572.89
35566.34
35559.78
35553.23
35546.67
35540.12
35533.56
35526.89
35520.34
35513.78
35507.23
35500.67
35494.12
35487.56
35480.89
35474.34
35467.78
35461.23
35454.67
35448.12
35441.56
35434.89
35428.34
35421.78
35415.23
35408.67
35402.12
35395.56
35388.89
35382.34
35375.78
35369.23
35362.67
35356.12
35349.56
35342.89
35336.34
35329.78
35323.23
35316.67
35310.12
35303.56
35296.89
35290.34
35283.78
35277.23
35270.67
35264.12
35257.56
35250.89
35244.34
35237.78
35231.23
35224.67
35218.12
35211.56
35204.89
35198.34
35191.78
35185.23
35178.67
35172.12
35165.56
35158.89
35152.34
35145.78
35139.23
35132.67
35126.12
35119.56
35112.89
35106.34
35099.78
35093.23
35086.67
35080.12
35073.56
35066.89
35060.34
35053.78
35047.23
35040.67
35034.12
35027.56
35020.89
35014.34
35007.78
35001.23
34994.67
34988.12
34981.56
34974.89
34968.34
34961.78
34955.23
34948.67
34942.12
34935.56
34928.89
34922.34
34915.78
34909.23
34902.67
34896.12
34889.56
34882.89
34876.34
34869.78
34863.23
34856.67
34850.12
34843.56
34836.89
34830.34
34823.78
34817.23
34810.67
34804.12
34797.56
34790.89
34784.34
34777.78
34771.23
34764.67
34758.12
34751.56
34744.89
34738.34
34731.78
34725.23
34718.67
34712.12
34705.56
34698.89
34692.34
34685.78
34679.23
34672.67
34666.12
34659.56
34652.89
34646.34
34639.78
34633.23
34626.67
34620.12
34613.56
34606.89
34600.34
34593.78
34587.23
34580.67
34574.12
34567.56
34560.89
34554.34
34547.78
34541.23
34534.67
34528.12
34521.56
34514.89
34508.34
34501.78
34495.23
34488.67
34482.12
34475.56
34468.89
34462.34
34455.78
34449.23
34442.67
34436.12
34429.56
34422.89
34416.34
34409.78
34403.23
34396.67
34390.12
34383.56
34376.89
34370.34
34363.78
34357.23
34350.67
34344.12
34337.56
34330.89
34324.34
34317.78
34311.23
34304.67
34298.12
34291.56
34284.89
34278.34
34271.78
34265.23
34258.67
34252.12
34245.56
34238.89
34232.34
34225.78
34219.23
34212.67
34206.12
34199.56
34192.89
34186.34
34179.78
34173.23
34166.67
34160.12
34153.56
34146.89
34140.34
34133.78
34127.23
34120.67
34114.12
34107.56
34100.89
34094.34
34087.78
34081.23
34074.67
34068.12
34061.56
34054.89
34048.34
34041.78
34035.23
34028.67
34022.12
34015.56
34008.89
34002.34
33995.78
33989.23
33982.67
33976.12
33969.56
33962.89
33956.34
33949.78
33943.23
33936.67
33930.12
33923.56
33916.89
33910.34
33903.78
33897.23
33890.67
33884.12
33877.56
33870.89
33864.34
33857.78
33851.23
33844.67
33838.12
33831.56
33824.89
33818.34
33811.78
33805.23
33798.67
33792.12
33785.56
33778.89
33772.34
33765.78
33759.23
33752.67
33746.12
33739.56
33732.89
33726.34
33719.78
33713.23
33706.67
33700.12
33693.56
33686.89
33680.34
33673.78
33667.23
33660.67
33654.12
33647.56
33640.89
33634.34
33627.78
33621.23
33614.67
33608.12
33601.56
33594.89
33588.34
33581.78
33575.23
33568.67
33562.12
33555.56
33548.89
33542.34
33535.78
33529.23
33522.67
33516.12
33509.56
33502.89
33496.34
33489.78
33483.23
33476.67
33470.12
33463.56
33456.89
33450.34
33443.78
33437.23
33430.67
33424.12
33417.56
33410.89
33404.34
33397.78
33391.23
33384.67
33378.12
33371.56
33364.89
33358.34
33351.78
33345.23
33338.67
33332.12
33325.56
33318.89
33312.34
33305.78
33299.23
33292.67
33286.12
33279.56
33272.89
33266.34
33259.78
33253.23
33246.67
33240.12
33233.56
33226.89
33220.34
33213.78
33207.23
33200.67
33194.12
33187.56
33180.89
33174.34
33167.78
33161.23
33154.67
33148.12
33141.56
33134.89
33128.34
33121.78
33115.23
33108.67
33102.12
33095.56
33088.89
33082.34
33075.78
33069.23
33062.67
33056.12
33049.56
33042.89
33036.34
33029.78
33023.23
33016.67
33010.12
33003.56
32996.89
32990.34
32983.78
32977.23
32970.67
32964.12
32957.56
32950.89
32944.34
32937.78
32931.23
32924.67
32918.12
32911.56
32904.89
32898.34
32891.78
32885.23
32878.67
32872.12
32865.56
32858.89
32852.34
32845.78
32839.23
32832.67
32826.12
32819.56
32812.89
32806.34
32799.78
32793.23
32786.67
32780.12
32773.56
32766.89
32760.34
32753.78
32747.23
32740.67
32734.12
32727.56
32720.89
32714.34
32707.78
32701.23
32694.67
32688.12
32681.56
32674.89
32668.34
32661.78
32655.23
32648.67
32642.12
32635.56
32628.89
32622.34
32615.78
32609.23
32602.67
32596.12
32589.56
32582.89
32576.34
32569.78
32563.23
32556.67
32550.12
32543.56
32536.89
32530.34
32523.78
32517.23
32510.67
32504.12
32497.56
32490.89
32484.34
32477.78
32471.23
32464.67
32458.12
32451.56
32444.89
32438.34
32431.78
32425.23
32418.67
32412.12
32405.56
32398.89
32392.34
32385.78
32379.23
32372.67
32366.12
32359.56
32352.89
32346.34
32339.78
32333.23
32326.67
32320.12
32313.56
32306.89
32300.34
32293.78
32287.23
32280.67
32274.12
32267.56
32260.89
32254.34
32247.78
32241.23
32234.67
32228.12
32221.56
32214.89
32208.34
32201.78
32195.23
32188.67
32182.12
32175.56
32168.89
32162.34
32155.78
32149.23
32142.67
32136.12
32129.56
32122.89
32116.34
32109.78
32103.23
32096.67
32090.12
32083.56
32076.89
32070.34
32063.78
32057.23
32050.67
32044.12
32037.56
32030.89
32024.34
32017.78
32011.23
32004.67
31998.12
31991.56
31984.89
31978.34
31971.78
31965.23
31958.67
31952.12
31945.56
31938.89
31932.34
31925.78
31919.23
31912.67
31906.12
31899.56
31892.89
31886.34
31879.78
31873.23
31866.67
31860.12
31853.56
31846.89
31840.34
31833.78
31827.23
31820.67
31814.12
31807.56
31800.89
31794.34
31787.78
31781.23
31774.67
31768.12
31761.56
31754.89
31748.34
31741.78
31735.23
31728.67
31722.12
31715.56
31708.89
31702.34
31695.78
31689.23
31682.67
31676.12
31669.56
31662.89
31656.34
31649.78
31643.23
31636.67
31630.12
31623.56
31616.89
31610.34
31603.78
31597.23
31590.67
31584.12
31577.56
31570.89
31564.34
31557.78
31551.23
31544.67
31538.12
31531.56
31524.89
31518.34
31511.78
31505.23
31498.67
31492.12
31485.56
31478.89
31472.34
31465.78
31459.23
31452.67
31446.12
31439.56
31432.89
31426.34
31419.78
31413.23
31406.67
31400.12
31393.56
31386.89
31380.34
31373.78
31367.23
31360.67
31354.12
31347.56
31340.89
31334.34
31327.78
31321.23
31314.67
31308.12
31301.56
31294.89
31288.34
31281.78
31275.23
31268.67
31262.12
31255.56
31248.89
31242.34
31235.78
31229.23
31222.67
31216.12
31209.56
31202.89
31196.34
31189.78
31183.23
31176.67
31170.12
31163.56
31156.89
31150.34
31143.78
31137.23
31130.67
31124.12
31117.56
31110.89
31104.34
31097.78
31091.23
31084.67
31078.12
31071.56
31064.89
31058.34
31051.78
31045.23
31038.67
31032.12
31025.56
31018.89
31012.34
31005.78
30999.23
30992.67
30986.12
30979.56
30972.89
30966.34
30959.78
30953.23
30946.67
30940.12
30933.56
30926.89
30920.34
30913.78
30907.23
30900.67
30894.12
30887.56
30880.89
30874.34
30867.78
30861.23
30854.67
30848.12
30841.56
30834.89
30828.34
30821.78
30815.23
30808.67
30802.12
30795.56
30788.89
30782.34
30775.78
30769.23
30762.67
30756.12
30749.56
30742.89
30736.34
30729.78
30723.23
30716.67
30710.12
30703.56
30696.89
30690.34
30683.78
30677.23
30670.67
30664.12
30657.56
30650.89
30644.34
30637.78
30631.23
30624.67
30618.12
30611.56
30604.89
30598.34
30591.78
30585.23
30578.67
30572.12
30565.56
30558.89
30552.34
30545.78
30539.23
30532.67
30526.12
30519.56
30512.89
30506.34
30499.78
30493.23
30486.67
30480.12
30473.56
30466.89
30460.34
30453.78
30447.23
30440.67
30434.12
30427.56
30420.89
30414.34
30407.78
30401.23
30394.67
30388.12
30381.56
30374.89
30368.34
30361.78
30355.23
30348.67
30342.12
30335.56
30328.89
30322.34
30315.78
30309.23
30302.67
30296.12
30289.56
30282.89
30276.34
30269.78
30263.23
30256.67
30250.12
30243.56
30236.89
30230.34
30223.78
30217.23
30210.67
30204.12
30197.56
30190.89
30184.34
30177.78
30171.23
30164.67
30158.12
30151.56
30144.89
30138.34
30131.78
30125.23
30118.67
30112.12
30105.56
30098.89
30092.34
30085.78
30079.23
30072.67
30066.12
30059.56
30052.89
30046.34
30039.78
30033.23
30026.67
30020.12
30013.56
30006.89
30000.00